внука,7.0710226229,-3.97859979643,-1.57792832149
вятич,8.51397984566,6.47654551304,-3.66049962263
македония,-7.62707503373,2.7873112006,6.20728987353
ярополчича,2.72919589535,-12.5944670579,10.2257338769
кол,3.81805983644,12.3342314317,-4.52110371338
нрав,2.97580311988,2.35535532399,1.96165386026
иллирия,6.66020294135,11.5205418451,-8.660505393
заутреня,-2.64297120292,-1.21392618397,2.2001213786
дунай,-13.5293632176,-3.71797771807,-0.849762166778
охрана,-4.32481100155,6.73502858355,-3.20010288141
список,0.347859536837,-4.74719702474,5.6969042413
двор,-11.6242090949,-1.34859542254,-1.39409828158
житель,0.84963609014,-0.518152670853,-10.3285803814
локоть,11.1440873685,-3.14667013522,-1.22131648091
рыба,5.2787675435,3.94954151725,-11.4061620014
песнопение,-8.23874850456,-0.679603605007,-4.26728618989
синеус,0.481410455841,8.29834421788,-1.34739022873
мотыга,6.87534675978,-8.02112656336,6.51400547588
обновление,-5.53568200349,3.21151446131,-5.10522052621
небо,-1.74089000298,-14.6767610432,2.90925016128
март,-3.63609913547,7.95615854801,-2.27301521268
симеон,-2.58706319634,0.699273736136,-2.25135549278
свенелёд,-3.35416065684,5.7770762705,-8.3273896601
книга,-1.05738296955,-9.3445604708,-5.90579435053
медведь,-1.22909830103,-6.50748419036,8.4757739429
яма,-2.71413726496,-0.754094996401,4.26790743091
пророчество,-4.6907548287,12.7247115246,5.64113980561
погоня,1.42768274505,-4.05235451203,-9.40731576964
ольга,5.54349571842,7.29972838893,-1.67874044658
пол,3.44952117394,-2.34476158037,-8.56115352753
еда,-0.514196213069,9.9782372351,4.93295503779
страна,-4.15070022879,10.9805111388,1.84623338704
поп,5.43116245402,3.14110822588,-0.0569119238719
приближение,-5.05261918657,-3.34127478599,-8.63735750938
брань,5.4538879801,0.958722588287,-0.954622999647
неделя,13.1052084394,3.4387097418,4.45323684645
корсунец,4.16487899196,3.1352252577,10.7599280468
твердь,4.75134318641,9.99832167362,-2.33972595564
неразумие,10.2693325045,2.0676336033,4.2182103242
муромец,6.48326322626,-6.30758984616,-3.01129890069
оконце,8.98897606577,1.74821111209,-9.01876775543
советник,9.50057234865,-0.364592736271,2.40694771719
плен,0.143209839175,1.69438205897,-1.51319738295
обман,12.4645024389,-2.20646960777,8.84083903757
чтение,4.7212315347,-9.43231806438,9.07805978246
отчина,3.77840529909,-5.09154092679,-6.7164444147
писание,8.51193915327,4.16030699585,-0.422666045261
иосиф,-7.56890164284,9.07809704943,6.66952801706
стяг,-7.29217569457,-3.99704783882,-1.77100009539
охота,-0.28614426876,-10.1550165571,-7.99111421383
имущество,-0.131931338204,-5.41898950259,5.39824431241
римлянин,-8.51090909324,-7.46410278972,9.45828301802
кун,-1.91644230422,-1.17072064687,-5.30402009637
пашня,-10.7057713874,6.92399695273,8.67749861514
замысел,5.23670878155,-5.59775572941,-0.390912540465
польза,-6.18835854593,6.87479424644,-3.88004051883
обрезание,7.95819224982,9.75565770414,7.83290662376
волхов,5.26464089939,10.3501971144,0.804614057033
владение,-4.9303815121,0.904464785778,2.14378075201
старик,-10.8034422002,1.23183285391,-6.55768864575
пронырство,-8.14352030297,-3.72624407575,6.93101471798
риза,4.45856778765,-8.25243360523,1.20706868087
якун,-6.09025797194,-3.13997487262,-4.305216237
продажа,12.2574032554,0.508069436687,0.880377719574
старший,-6.71075882579,0.351183014828,-10.8081434274
кровопролитие,-0.800282726708,-11.5497730251,-3.94845221509
епископ,11.1411811867,-4.01742613226,0.811633726448
милостыня,-0.989558876836,8.52278038736,3.47004941764
расхищение,10.390080712,-10.1517390931,3.50969746216
торка,8.69137186452,5.46977666145,0.0454670985685
богатство,-3.48379941925,-2.67545669732,5.33466619985
горесть,0.785889347558,-1.53092596086,-3.45533508189
царь,0.145999567125,-2.46276198398,-1.87986126912
хвала,-6.32160460776,-8.35003651644,-3.14007017096
торкмена,-4.21248508866,9.60047895841,8.85336585332
воиня,5.66659588648,2.82016692373,2.97333307406
синодик,-0.368115109986,-8.02280274239,10.9650031422
малахий,-7.49180500349,-5.66241900902,4.30406308743
владыка,5.37757040093,3.13424128094,3.66941796915
шея,0.0667366913318,-3.09599850632,-6.11962445696
говор,6.00808112426,10.7568687094,-9.35153953716
смоленск,4.80577242649,-0.415857940476,-7.01481635221
пленный,7.76542742589,-2.93810314018,4.72578055248
гумно,-9.84518451686,1.03112381344,-4.50233071356
цена,2.14977843519,-8.67365501374,-7.10664149467
муром,-0.0282861830158,-6.63051574326,-8.39569341198
венец,-3.1193770229,0.885814616565,7.27262394675
монастырь,-5.10737174753,0.0348842746433,5.24010305411
ария,3.45001396104,4.45880646688,3.23745420231
пример,-12.28828241,1.79489386972,8.80911050212
христос,5.90246324285,-6.29354869736,5.9544492803
дуб,-2.15907384437,-7.89783163958,-10.5764766091
малость,-13.6419358573,-0.549931627824,-4.09195481032
постник,15.3468977808,-0.62635974624,-1.51526397291
жребий,6.17416853176,0.0730331395438,-3.40718696209
путь,-5.69677736689,-1.28354906406,3.36069035821
альт,2.96932732878,1.94772438363,-11.1185394792
теребовль,3.15188173868,6.52481601114,3.21819731884
всеволож,-3.70573894151,6.11175111268,1.75435331453
янка,-3.96613157441,5.83848590121,-0.205559481977
страх,-5.84905414047,6.65495883196,6.29365692675
питие,1.27130550208,-6.85279147067,2.78837982795
лук,1.13029678286,-10.7783971547,-10.1010933193
ярослав,-3.16000787774,5.37130589722,7.25541862642
мордва,-5.48902291524,6.28670909353,8.38155415091
обвинитель,7.33431051938,-8.18502423268,1.72057694482
освобождение,-9.00128468571,10.6036608599,-1.18329973256
треба,-5.53006353542,-1.95450942916,-12.8161054122
воробей,4.04732646547,-2.99585009915,8.01003621434
каин,10.2963404011,1.39676496527,-2.53518121762
кытан,4.05302140343,-5.92302139646,-6.48670368422
верблюдов,-6.65263106564,2.46172263255,-9.85118879777
венгрия,-9.84373328757,1.99113098359,-3.51001994632
желание,2.69452311701,-3.53351061053,-0.704996334858
торковы,3.99877412491,7.5489899387,-2.54390829076
воздержник,-1.63956903477,-6.93868348843,5.86122132711
недуг,-3.28008291123,-3.46127162927,0.874823015155
монах,1.91804114895,-5.60758190377,-3.91760481611
обетование,4.38455786762,7.70076993578,-8.71133787027
иудин,-6.79323216052,7.29547109728,1.03301410905
александрия,1.28635009015,6.14739998434,7.49959066126
чистота,1.46918900634,5.9995985319,-1.12499521576
пастырь,-14.1976099521,-0.0656312952168,-4.99696191865
луч,-9.37013495868,-5.89592113771,-0.691895363339
знамение,3.39790395912,-5.36306655226,1.8799289823
смерть,0.798311248738,5.8998428882,2.09178005815
воск,-2.34514181256,8.17479378747,-8.22608005417
эфиопия,-11.6750185459,-6.70023548057,-2.04452789219
утро,-9.32271980588,2.14296485433,1.7491299182
достояние,-3.76961710154,3.06393780978,10.1191798245
старец,-7.3053304597,-0.936812536041,0.571383632108
успение,-10.7749480592,2.07338369522,-0.0607859227832
помышление,7.38052318173,-3.92213132855,11.1408924953
поражение,-4.00004603828,1.13890650389,-9.53080815224
живой,-2.99444426543,10.279355312,-6.69437549789
магомет,-10.6795136108,0.252041386467,-6.89063189958
анастас,-8.80028123572,-2.92546507837,-2.79986436143
бересть,4.55415438555,-13.8012370197,-1.93162285199
внучка,11.9815249168,6.68459886915,6.2894006564
печаль,-3.8552155487,-1.85132380371,8.56287167632
мёртвый,4.91206499145,-1.91660712399,2.72353177715
мясо,-5.38761104057,1.49751261162,2.72131330176
сатана,11.4604806248,-4.73143955592,-7.66582899069
стопа,-5.85395378385,-5.73368623006,-10.6616488568
той,-13.153291902,3.34829098585,-1.90576016073
шексон,0.68441040697,5.1430955654,-7.52595892393
имя,2.11221247153,6.0677961659,4.42871910958
язык,-6.80494921965,5.16022354806,-11.3719988488
алдан,7.7280345918,7.54407734975,-7.9104580863
ученик,-10.3465803588,-9.50701934435,-1.58794187952
правда,3.9987397385,2.7823382061,-4.87515549467
тур,10.2971658832,7.97407313706,5.24050181003
софия,-1.69069193593,-10.1134045007,9.82933828377
вселенная,0.447748418992,5.0010050473,-2.91696495716
воин,-2.73723730209,0.5083158554,4.21684091197
учение,-3.13152195493,8.34533368451,4.81884924672
набег,-1.81298396889,0.944006227015,-11.3340203693
согрешение,0.487777118119,-12.1479818957,-6.13691199334
югра,11.8964294296,-2.75187082391,-2.04374081019
буг,3.72108617415,-8.46385682835,-2.25971514003
пещера,1.05760783232,6.59226941748,-2.25825792139
постриг,-2.91672602378,0.142706834167,-14.6938560373
крещение,3.43990335938,-5.6477412633,-1.57042218007
ворот,-6.6394887072,-2.58147680318,7.23099603819
турод,4.07583685451,8.02174410748,5.47585056982
почесть,4.01066845363,6.38945040935,-2.76275377965
погост,-11.4995570129,2.79495475173,3.57392035137
старость,-12.9422977376,-6.5512236675,4.4944208165
туров,13.2732312532,-6.95523629269,-4.79331152484
война,-5.33662360316,-5.54049555852,3.3886944047
век,-2.97947894689,2.36158100497,-10.9808904205
старцев,-14.4191641128,-3.85102077564,3.39229100658
уважение,-8.14015327887,10.6027541977,2.01545789117
болтушка,10.7978056614,-7.07981304946,2.47528002628
наставник,-1.65139589006,1.47591021545,3.55231725551
луга,-4.16620209209,9.9506510542,-9.16463675804
бояр,3.00956848419,0.0176797785864,-9.37221082724
нехристианин,0.232906396687,0.302435457241,1.83392525555
заблуждение,-6.14300870319,-12.1392767379,0.568498776688
радим,-2.69739974475,-1.71346943933,-3.6070031864
здоровье,-1.58009744309,1.09000573799,-0.598251882336
могила,8.08983608061,-1.95154459802,0.0383439304903
распря,5.29409712197,-10.6364978048,-2.19258120248
буква,-5.35286374536,-8.11206916196,-3.67319410139
голова,-3.56679136307,-5.76561830601,-4.27903220749
патриарх,3.26329427734,-2.14484869818,-9.8365246705
примета,3.71884436524,4.7867195886,-0.0809347211222
рюрик,6.65980695202,-1.13406122949,9.29405714954
пора,2.44802675076,6.31519253879,-11.619915467
лука,-4.03157969117,-1.66553401375,13.1204006709
труба,-3.3823578267,3.00193173869,4.9270786469
племянник,1.66258269679,10.2566929209,10.8296155678
торческ,-3.6105589866,-10.6945157697,-3.27952264524
стенание,4.21511146273,1.70636536368,1.67433597773
кровь,2.73519106259,7.16367639454,8.85816885985
будущее,0.127213222782,9.94823615771,9.88859385415
дело,-2.80941136776,-2.35685316152,12.7020292456
асмуд,6.09833046978,7.55958498956,3.42815750159
хартия,4.18740538947,-8.22399230005,3.6621882848
конец,7.98616285683,3.2992246623,-0.356106550379
павел,-6.86755636473,-6.89097724744,0.229802685301
священник,-3.70875659152,8.87385870342,2.29110449865
прообраз,3.55280266533,-2.11842463256,-0.829583973
дубрава,-2.7444426101,-5.53716467454,-11.8759265112
кумана,9.40452868894,6.4721454165,-4.4504476304
давыд,-4.84443506685,5.97902048558,-1.34874632707
сирия,-4.24655094765,-7.85741619172,0.719878902553
бедро,-5.10672104631,-2.03198038043,6.88562214425
грудь,1.20995593254,-10.1531468667,8.08642998503
племя,-2.46187621219,12.9172468333,-3.82833321647
преступление,-3.75850154492,-9.57060863829,5.85858085003
путёнок,-0.522692977572,-0.840941590852,4.54932564638
вифлеем,2.95303858067,-0.018575704534,-5.31747914973
роман,-4.09813757062,-8.67959085518,11.0011327365
авраам,-2.56708838258,-1.26103242594,3.04622339055
белгород,-3.46632515125,10.5499118066,-9.64765119948
снег,-0.189174542842,13.9245064805,-1.50769711182
мудрость,-0.905045418893,-9.56008430368,-1.4581242775
покорм,6.07826024268,6.42260115846,10.9087264511
богородица,-7.70831968141,-5.0454425563,-8.37082892444
повеление,-5.24065794916,-4.72695763335,-6.01400984599
колено,4.55395866128,5.9300012279,4.82459456252
давыдович,8.78629808277,-3.71296975682,-11.8856986978
осий,3.69709987229,-13.1755323782,1.43952474965
хитрость,-0.759658769729,1.93388080341,-10.8914252959
вира,1.09084301133,-9.13987410915,6.22883285398
детство,1.41747923632,7.54009718729,-13.9967016523
родня,6.1050875991,1.01084834295,-3.71693692771
потомство,-6.9602969626,-2.79015973342,-6.4378753736
вышеслава,6.76230466228,-8.69677471408,0.0798342534761
тайна,11.0645160877,5.27859119421,-8.00478766395
доска,2.10100745065,0.836737140996,-6.80276140993
волынянин,5.56765547809,-9.56969590381,3.36646741439
сула,-10.0415149441,-8.00643307167,-7.44399984379
выкуп,0.00873204553174,-2.35266244116,8.73657050496
соблазн,-5.31465218375,7.18997755154,6.84580782822
железо,6.44300546394,-10.815734757,5.81848956674
судья,5.67108653979,-2.37589116537,-11.6193269941
наставление,-1.98364565442,-3.54367678903,1.51562106882
читеевич,5.34765510192,3.46680205179,4.53899768355
призвание,-4.14431383083,5.26144459258,5.78609540871
месть,0.171142856311,3.40110367432,5.92307396378
зуб,1.79816224995,12.5023950607,-6.77461122378
напасть,2.7601085549,-9.43288213315,-6.56664426112
ненависть,10.1942032842,-4.84433238596,7.31044471563
клевета,-7.02920433687,-5.74240652429,-2.79767307995
козни,10.8694598204,-2.18626333859,-6.99749695166
глебов,-6.48892153239,4.14729382029,9.35439532117
стародуб,7.68943641508,-0.0279050669744,-8.04579396522
власяница,5.3941309966,-8.27940914612,-4.56659312863
берестов,1.03431856387,-10.2835847802,3.05018595189
нашествие,2.87389412074,-7.09771150768,9.84855820689
наущение,8.10311236144,-5.42626843085,0.722833735143
мощь,1.41880255641,11.0903638355,1.52208131639
рассвет,11.3673412141,2.64204814489,5.15190384856
пролитие,-7.60149774236,-5.48216809533,-7.88931796205
муж,9.4230692639,1.06991360219,-3.05863225031
урусоб,-3.63420170891,8.61084310914,5.05060120892
киев,-10.9794898329,8.8664924333,1.285441592
муха,-7.48823520295,-11.8451137574,0.558873627835
чудо,12.0763624656,-2.76128857443,-6.07255484125
новгород,-4.9841632131,-2.21246776447,8.70815640772
берестовой,-3.54498355882,-3.28718994507,-14.7705203493
воеводство,-1.30917608911,0.778397690683,-7.83217833574
ваша,-3.48257693953,11.6073090024,1.91285797225
саранча,0.0245594243931,-1.90881044689,-2.34184857057
уста,5.21797615064,-3.19073928015,-0.276409135042
камень,-11.3958087788,-2.88111717861,-7.73560256556
праведник,10.6345879036,-3.48675532548,4.15709181278
перевозчик,-4.33330803811,-1.70143524687,-11.872967403
смрад,-4.74371028998,1.69133702353,10.7937883609
кульмей,-6.39625615674,3.41543853258,1.63371282374
кожа,10.9035993388,7.15304939664,-4.93850812001
венгр,-0.497902613385,-6.70309566348,-6.57918753987
нива,-5.87713958976,-4.4951552366,11.267405112
речка,-6.2476695588,0.638758090628,6.66358349492
море,7.04829015709,4.73059321021,-3.80299232834
грамота,0.682235292436,1.71093488632,2.75903644046
юрьевец,-10.4706474707,2.35403688297,7.61146814409
похоть,1.41009962044,3.28248132285,-4.25765860273
болеслав,-8.70831326561,2.39455256725,2.59298614934
лев,-1.6896414049,5.68003787336,3.68894867958
варлаама,1.46425563187,0.61214064189,4.6140603299
обрина,3.41622593486,-2.45597867313,-6.04643361083
синоп,8.14566664987,-5.87692810621,3.559328465
иларион,5.70243079652,-5.4795886718,-0.629010577049
сон,-2.51770418586,-0.515254637266,10.0752429628
стоянка,0.307277494696,7.20578582752,5.40297070672
двина,6.42021266669,7.79318948046,-4.96230162623
игумен,-1.05372440257,-8.38409391352,-3.80722815031
александр,5.20693615426,5.49322996566,-4.85877732505
воскресение,3.26815945587,7.88195449294,-5.16861403362
утешение,-11.0138433715,2.04152896462,-7.52477395412
луна,-6.72888825582,-3.2892843815,1.55700038682
естество,-5.91687166562,-7.85121162558,-8.26271126242
хам,-3.97729030954,2.57812704896,-3.12913622999
начало,-7.84351416159,-8.93828477635,8.56608302055
тризна,5.19976065539,-7.40984785853,3.63781044217
покой,-9.57622963011,6.24303896587,1.89278220394
антиоха,-4.98928657454,8.24569361937,10.1323891415
константин,-14.9153927246,-4.02475035247,-0.908136095486
потник,-0.735728503722,5.78670893518,12.1607119254
солунь,5.45306760166,10.3660677388,9.86996713364
обоз,1.83900056981,-12.6354466628,0.86378228586
познание,0.393086316413,-11.5342161291,-5.91073690206
бубен,2.05627330595,-0.271941868719,-1.52060126669
вера,-7.7536678514,-9.12361400816,-5.74851306246
дружба,3.88865151061,-5.68548323641,5.55491808868
палата,4.74037936588,7.50664473354,-12.6233334452
царство,-0.666258099978,8.19250421575,2.70372703719
житие,3.19871211481,-8.51785775235,-9.55443604142
именины,-1.58376508244,9.49226122539,-9.33852600158
мур,-4.41580770109,2.4196677109,5.29317119815
суздалец,10.6329002674,-0.828689076901,4.68177040521
никола,3.32526386337,10.0288836333,-7.83859810449
нечистота,-5.62421843682,2.50595865116,8.12665364179
сила,0.560041009612,-5.09255988784,-0.984703150101
горький,-2.47799143612,1.28523202087,12.2450334013
чех,3.6879351383,-2.39336349186,8.71347152449
защита,-3.41871581028,-5.63012699686,-8.11428668429
изяслав,5.68177072894,4.04120992258,-10.424654482
мщение,3.84044513063,3.94475806734,6.56229824831
владимиров,-5.21867017024,13.2269159339,-2.9710496769
убийство,-4.71123592357,-3.19852827099,5.01879949309
василёк,6.66059446247,4.84080121837,2.57800639381
злодеяние,-8.82833865977,5.62969846016,5.80871432787
ценность,7.22102549707,-2.99712953637,10.1820075869
вышата,-0.98580042786,9.95228620984,1.88402463754
фракия,6.94084426549,-4.44336754432,-7.92031779305
сопель,-4.88247639855,4.45708778708,0.669975723159
ковёр,-5.00275678676,-5.93134845287,6.19783420469
блуд,10.4861541969,-11.199770579,-0.274509088444
яна,3.66286134144,1.97418924566,-7.78612528968
грек,4.75328942745,13.5461566496,6.50555376186
александра,7.72777756735,2.15559174551,4.88620842616
пешец,11.6612594469,-2.29728999904,-6.02718354808
исайя,7.26692383767,4.48011153591,-12.5673450986
верёвка,10.625711614,1.10391469767,6.80994341232
славянин,-2.88124083085,-12.2492781263,0.716698707466
отец,-0.289858814989,-7.22537139691,7.16912644962
свидетель,12.9121052834,3.81801885627,0.468594334135
казна,-2.53338870271,-4.79792973192,3.74464283184
наваждение,-9.79603912538,-11.0422138923,3.09699645759
победа,0.0152724365809,-10.3260911318,-6.16983532799
тиверец,1.79967632425,-0.999033214126,0.260133316595
аарон,3.62717376323,8.10348008369,-0.711704655437
стрела,-10.9051547494,0.163274928305,6.98370757092
стугня,-7.47795848755,0.777209289291,3.60118530377
рождество,2.61509390025,1.7813829695,-3.07058202974
жезл,4.32437157386,-0.581696645228,0.869281630641
хорол,-4.36608590164,-6.49712535895,1.02015052118
дом,11.7348071435,1.07889219099,1.98632362669
человеколюбец,-4.29028671322,9.85503318842,4.13911739053
село,-0.0617072079288,13.3792156871,0.74378097577
владычица,10.0186238244,9.93806056564,-1.87891333527
крест,-4.66772068309,7.52501100517,-1.21029905461
немиг,-0.269882796016,5.83381042874,1.51260610209
мария,-2.46346914063,-9.06591014082,7.6425230084
дорогобуж,2.73384692766,11.3006418382,-0.997028348219
евангелие,6.79327405144,6.99017573305,4.16026250421
язычник,-13.0722474335,5.5630479278,1.50968038257
праздник,3.952256967,-3.80093797995,-5.98745536564
княжич,11.5950907268,-6.34685612418,2.76824625444
рот,-7.50559962896,-6.24832383949,-3.93388118247
вид,-5.53953306656,-3.29928502012,4.31814956499
дверь,7.00333996071,1.54361944377,-6.65457276788
гавриил,-0.34843333688,0.166444920544,9.76386845591
рада,-6.94925515015,0.71422071321,-2.94500577701
царствование,-1.78330465087,-6.88045113215,-1.89719533672
май,7.92214724934,-8.61269052337,-6.60304058225
повар,-3.71857952876,2.40259141104,0.565191118815
минск,-3.46696458359,14.113214907,3.65303670913
спаситель,-4.66486573978,-10.5130864881,-7.8997187125
рог,-7.68409831621,6.22568718292,4.41960348564
мефодий,1.12233013161,7.49850261684,-7.90098933871
войско,-4.06690253531,-1.12500418738,-2.69415853066
род,5.4755890959,-1.21252816479,-1.18742351262
скверна,9.37389119023,-7.89755077064,-0.0416724243891
русь,-1.96281118923,8.72770962388,-7.20212430706
внук,-2.65993465329,9.07077817149,8.0398833051
святославич,-3.7478854166,3.28300326383,-8.28882305095
прегрешение,7.141676755,10.5673463607,-4.94323300209
чёрный,-4.92035566775,-8.49579995317,4.34670566389
туряк,9.17343253653,8.6632737462,7.02563965378
ягнёнок,8.60188993443,-2.79163680136,-6.32549004343
гибель,12.5997507493,1.9411624172,-1.94374054025
поучение,9.62878900488,1.04000982233,-8.34733081475
царьград,-1.646750827,7.6462568343,-2.88900164904
троица,-2.16382791816,1.54877835962,12.7611143004
беззаконие,-6.49314255721,3.60615238683,4.51154667603
мысль,1.05787961827,-6.91489747251,-1.0648577932
казнь,12.9565270789,-3.96114280766,0.291833171812
прародитель,-2.17558555745,6.38278477301,-0.238462788335
суббота,-5.78750376693,-2.02375704912,-9.05425322661
боричев,11.526656725,-4.56422652496,-4.35059865041
лот,5.6965760149,-10.3331728021,8.54237005738
обычай,7.63937646782,-11.4178655899,-5.24169108111
исход,4.68799193397,-5.36168112287,-3.53586710942
трувор,-9.28885120638,7.98015981667,-6.23122649735
хвалиса,-1.93568080007,4.46855434208,-0.911922507557
отвержение,-3.45642770464,-14.0024514293,-0.667598434121
сто,3.09658292815,-6.59214748315,-13.4708020434
берендичь,7.88267390573,2.16726111446,10.4822406551
смерд,7.54797937012,7.47954072692,-6.73565967276
клятва,-6.42555816052,3.74087733273,-5.63569061931
грех,0.447769787359,-11.947636305,-1.23671754692
бдение,1.08242762036,-0.47268560371,-5.50022359322
любовь,-3.69769333855,5.31746759207,-5.98748539891
лес,-4.20257594064,-0.641399095856,-7.91935746685
число,7.12693945197,0.233199851797,3.47050044583
боярин,-0.80535176206,3.44589117927,-7.6088516761
исакий,-3.98711648425,-12.7938443078,-4.59254823928
тугоркан,7.40482016414,-0.247487418682,-11.9007272087
кормилец,-10.9337380996,5.56172080866,5.51008600329
ладан,2.93641681686,4.40513333691,2.55632952185
братолюбие,-0.483642464901,0.975234321451,-3.84074230524
жажда,-1.22291632766,6.5894961454,-6.09437744837
василь,6.51603935094,5.34389401882,7.83702678506
отрок,1.06132681271,9.57396831792,10.133002312
воздаяние,-11.0621020331,-4.34150622476,0.471537126366
бездна,-0.496644597549,-8.5160842605,1.56815856772
терем,3.81839951836,-10.3742162967,3.02656873526
ловля,11.2710197978,0.133607568991,-2.32200993631
фараон,6.65325350706,-2.12499341574,9.66345598075
порог,9.61865384591,-1.0573079931,10.7586597687
хорива,0.95425967264,-2.68364503115,-4.45830689165
дмитр,-5.48393619757,10.3830218934,-3.47945659173
днестр,1.5621239567,-1.47917301797,7.01714904197
свинин,-3.39151332649,-11.5797220878,-8.60892493887
евпраксия,7.08771431677,9.04355901508,-2.37793797238
гордость,1.75446240851,-3.62970241215,2.27440231708
отчин,-10.6070880556,7.50079784221,-5.09112090575
иноплеменник,4.01111232691,4.40626800674,-7.71629993682
звук,-5.62580763111,-3.76932135862,10.2565233415
друг,-6.58953330285,-0.478874503925,10.1429070487
сноха,-3.02284866255,-8.9519832614,-10.5959644301
пророк,3.28952267043,-12.3428456765,5.93578945689
иафетов,-8.15070903196,-4.11474997289,0.454867861512
сановник,-3.1906405486,-8.34835266224,-4.1682601342
веселие,8.52619771277,0.234283158972,10.3054911071
мстиславич,-0.0230262018036,2.10595374224,-0.85607749211
куча,4.24637311295,-2.65494880236,12.4989920099
стефан,8.97782275533,-0.111364358892,10.0049749129
царица,1.43199830013,5.58349862636,2.45961941251
белозерец,10.1959587426,3.38689298049,0.0863392429702
иван,4.36208722307,-9.24821598019,3.33597791009
битва,-8.37439098053,-11.2402476689,0.980326097616
белоозеро,-4.76021028603,-9.63923723938,7.23208527515
скотина,1.55315813683,-5.07779737029,12.0005344139
трава,-5.15100337794,4.99837773264,-7.44911377572
служба,0.54555025419,4.67443836531,-7.98586175934
смешение,2.09486821701,9.0416118603,4.99667129511
гад,-4.43953633322,5.56346364359,-6.00283431389
ссора,-0.116905186127,-11.0279443912,-4.30727780313
чехия,-1.17883916271,-10.6474739371,7.97398784448
братия,-8.0570378436,11.2510476562,-5.87808782919
прозрение,-0.17917786879,13.5811804388,-0.285563545118
порей,1.42288485923,6.25559130153,5.58461818145
поляна,-9.15104876287,-6.34552371552,-4.42631949938
постель,8.02620577886,-2.29672605631,1.09877769836
противник,7.29062189575,-5.76263499492,-6.04218791507
оплевание,8.30086724946,-0.66819266893,6.55727641262
волос,1.84392363004,0.343247898866,-0.310270355752
смирение,11.800755494,7.2690107717,3.5215264809
игуменство,4.63241243033,-4.40646523203,8.56335954025
благоухание,-1.62322211031,10.0328759741,-9.5527369888
пинск,-7.04537290154,2.42839230093,4.78639754916
кумир,13.5327132225,-2.74419534128,4.93596284762
насилие,4.11507942401,3.01910220089,9.92689395811
гусеница,-4.95344635017,-1.88704497626,-0.153257696988
раб,-7.12242538417,-9.36248187375,-4.48764106562
раз,-8.62573138685,4.8861148643,-8.25748426664
архиерей,-8.82242231229,2.89842215495,3.35743853986
глубина,-2.00854260174,-6.73715612215,-1.24575421948
сеть,9.26409780384,7.49603509791,7.57639024039
золотник,10.9567661263,-1.92825951407,-4.33018702634
рай,0.0883779765131,3.04636951543,-11.8858892682
слово,-3.24513476554,-12.2644838448,3.95452158478
мидия,-0.730774496763,12.2363058018,3.36218451263
мечеть,-11.148217489,8.71678816291,-3.42714861266
оружие,-5.3672006448,12.4596140056,-6.11728733824
монета,-11.0681457956,-5.91884428927,-3.33262276337
одежда,-4.90085441196,9.30649348339,-4.02736525293
кудесник,-6.91675634028,5.17253677975,9.41106974342
предслава,1.21004631334,-6.54929134686,-0.0704884446735
преображение,5.2392027026,-4.38282294593,3.86987817935
неправда,-7.60749916649,0.0592344243048,12.6667710569
кытана,4.84375162899,7.71376107579,-0.444583071731
володарем,-4.09180790411,0.736677408314,3.19163179712
идол,0.906253818716,-12.6379635849,-0.634291651172
кадь,9.1281047075,13.2519410578,0.692088551959
святоша,-3.92461043316,-11.0558845766,-7.72696552807
древлянин,10.1897154788,2.4159401672,-0.139886624693
часы,-4.43077436921,-4.05431711071,0.415207905675
днепр,-9.79039154054,-1.81362332704,-4.56418610226
всеволод,8.51149961998,9.56077955815,-4.57232486302
ростиславич,13.9405009197,-3.35864582189,0.518048384781
законопреступник,1.08283225969,-4.91949347637,-10.7675265408
царствие,-1.02244319249,7.13144449729,0.268793165248
хазар,-7.02922188284,2.8615930539,0.671281460748
пасха,-3.68732547012,6.80244614169,10.2268862606
конь,7.44908850541,2.31047396777,8.55714072194
лыбедь,0.720605566256,10.8021567493,-4.51690677742
знак,-7.28589546566,0.161570527462,7.03876556639
ламех,-8.12266124974,-2.72914779254,7.17214246281
рогволод,3.82168369349,-13.2431228658,-2.93615429555
грамотка,7.36385250708,-12.0141829579,7.22997974243
память,-2.61720250655,-10.7051406842,7.04710488443
аепин,0.143054147351,9.76066696025,7.22460393211
фарра,4.86720467257,-10.9491074452,-7.81658405775
брод,5.28166576666,12.1418472271,3.94674517535
постройка,-7.29530641682,7.38409386475,0.330689325254
зло,-10.4575885735,-4.42741440735,-7.20237186541
половцев,-9.36405006567,11.5775272316,1.42694632308
болгарин,8.08015005839,-0.042615697745,6.00921008993
покойник,12.7493245222,9.58005522917,1.15897107365
дядя,-5.19705726139,13.6964707677,0.00250431771782
окова,-0.0859084930403,-2.5216546909,9.53962600933
фригия,-8.46099409694,-2.48716532667,8.25121147467
июль,-11.3138453211,-3.54118778539,4.7540606186
октябрь,3.58741101847,1.66258466391,5.75652329897
царицын,2.55974231726,5.82751216039,-0.856863005362
родич,-1.35348262662,3.14121059884,-9.82978146101
столп,0.329849766305,-11.6343728354,2.09654597156
казимир,-4.62200979942,10.2750385322,8.01056616625
хорват,3.10461459278,3.67888763485,-0.00162185024392
очевидец,-11.309897042,7.99206518454,-4.0499470183
гнев,4.57562845643,6.56898391839,-5.26486965792
митрополит,-1.06096615212,9.01218692236,8.29676654812
чрево,3.18159632212,6.10161562065,6.49372417676
чаша,-7.62248318256,-4.2946244075,4.02660741743
сторожа,4.19495847042,2.17688481011,8.56426101275
бегство,2.58092496252,-8.46764393318,-10.1017953474
множество,-3.9702690265,9.48719492604,3.41219558251
спас,4.29276098206,1.00511302631,3.90347579012
баня,-9.55032938834,9.63851153726,0.929829369008
давыдов,-5.22025762251,-1.04554008,-12.2436784623
сокровище,-3.04974958583,8.4389065685,-2.42697571263
шатёр,-8.12564282149,11.7209300115,-1.54808146475
отмель,-0.658925166509,0.226948254074,6.79232678483
сердце,5.91451553364,-2.99693911199,-7.00178846823
предел,11.2189768822,8.74965354216,-1.62597818267
печь,-9.40043844642,9.5364635426,-0.831943245555
справедливость,1.84959530879,-7.89364407563,2.81415463275
огорчение,-0.922923433307,6.06865725264,-11.5076585538
изяславич,9.17431195953,-5.96914245139,6.06810126649
герман,-5.39903944302,-12.9743252102,0.897142014636
ночь,2.58224159318,4.70648761168,-5.98595031759
мор,9.9933975781,-3.13129609551,2.66294781057
святослав,-1.66543625833,-2.90846502051,-3.82530860424
тыл,-5.03598242275,-0.192619070634,-5.15629319597
малое,-3.15422452814,-13.1936609302,0.304827393079
злоба,12.1324901858,-1.04189272692,-5.8903547485
отцовство,-1.68957552397,7.60946909667,8.44561485952
торжество,-8.38990986572,-12.8570795481,-4.96371615486
совет,-3.59783261573,1.66721509054,-6.10433586643
повозка,7.98718044402,-4.6057716733,0.944297159819
челядин,-7.31615403772,-8.10482649109,0.805625176872
дружина,-1.23089170641,-8.92019908572,-4.61375275488
иноземец,-5.36058784441,-2.5873070708,-8.74277712715
бык,-9.49272592087,1.974929647,9.42525371536
корабль,13.8252455742,4.06911626402,0.93416104551
воевода,3.80774805299,6.85368411285,10.3430045699
чудин,-8.6559381187,-5.82220500427,2.90354151844
суд,7.17566304459,6.8971674358,1.49878059116
пленник,1.18122530475,0.984231268351,5.81968618528
светильник,1.7076932538,1.61954794632,3.81679957902
ноябрь,4.88041261182,6.79383144757,6.8339416981
псалтырь,-0.284334595651,-4.46288284264,6.59495560621
бег,-0.516453711912,-14.2167382289,5.98954404435
чело,7.14476934597,5.72372397535,-2.12818156189
говядина,8.87552070418,4.76511687716,6.30117196938
град,-2.86552216813,3.54792303827,-7.40463049902
обида,0.266219973934,-1.29558589863,-15.3307245657
прошествие,-1.42523173184,-1.1020513176,0.554156516355
псков,5.52720360549,-4.4908924583,3.18341638384
остаток,6.84952802541,-8.26086704336,-8.14526612561
хлеб,9.79846369892,7.47076931009,2.31123629506
всеволодов,-3.40776724913,-3.62065871809,-3.88592712364
городок,-5.79627450644,3.38513388072,9.23416603215
око,-7.65471119899,-9.85210262076,-3.56397104493
блаженная,-2.50361804214,-0.425526142588,-14.2355085817
случай,-13.0736574765,-6.67291309143,-1.90392274049
владислав,-4.81252225883,-11.7522643399,4.57430271933
треполь,7.31139472439,1.03813669609,0.888540973168
мольба,3.18579413074,1.29780972224,-7.29610741931
человек,-0.44913940517,-4.52846890333,2.99414054698
девгеневич,2.3709504818,-5.07854768391,-8.22729105734
ростовцев,-4.17780620586,13.4727932068,4.88419507583
добродетель,0.946763869801,2.85469388582,-7.8166513147
пазуха,-9.19438755491,6.88871149182,-10.1727374351
рабство,2.17080038191,-8.93379826589,11.1729021243
июнь,6.80755934564,4.69814741468,-11.03808642
честь,1.19456225907,10.3889916869,7.38925723776
телега,-2.50935518387,-10.748177692,0.770568006997
апостол,1.95449865453,0.514726404275,12.3698322007
святополчича,3.15909645194,-1.65342126344,3.11248853908
змей,-1.57626970676,0.404847223239,12.90281348
адам,-4.4684125225,-8.82766183696,-5.76828073403
птица,-7.53335612312,-0.929633645367,-0.313063974946
дир,8.84866504714,7.20964763669,-0.371996035691
припять,-5.4995399151,5.60706741855,-1.98086426793
дорога,1.77931500992,7.64838094994,1.23118045518
мирянин,-5.14338652425,10.291203613,0.971554631466
ответ,-1.7680663307,-7.64800077794,1.39764754227
бог,-0.243630494284,3.62644625382,3.39611341176
голос,-6.20983308295,8.6362840602,-9.68579924623
иоанн,-3.71188833213,-8.80587591946,0.96071168369
помысел,2.2529754465,-2.86195474975,2.88020952568
вячеслав,-2.6295452809,-1.79067581539,7.60732608638
лукавый,-5.17617006782,5.28971784707,12.6837593924
бок,-10.8750006148,6.98064901191,8.15798165038
климент,-3.79092109322,4.00842294134,3.25519624706
жемчуг,-11.3057949081,7.34806938733,7.04338363656
игорев,-8.99601773904,5.33605923881,2.76613397473
ева,8.56450921762,-11.1267280825,-5.38310123187
мужчина,1.97689020794,4.65679189131,-6.96741652593
ручей,-4.29156677863,-8.3109752249,7.80847286215
подъём,-8.95367351311,6.8966839328,0.285597951428
образ,0.346455037115,-15.0024097173,-1.24363950372
зрелище,1.19270986772,-7.50005104032,-3.61691791435
промысл,0.190847554258,6.58458461618,-8.50900717751
ока,4.84268152657,11.0767490827,3.81077953578
величие,-7.85990474708,9.72107357901,4.45720883704
вода,1.28737396532,-1.34534773789,0.466486160396
высокомерие,-7.21289603207,1.82182626667,4.0088987461
купец,9.76847079207,4.86529265554,6.77429776241
олег,2.75415376686,-6.90269293737,8.43066153219
трапезница,8.8593643579,-3.03640100175,-7.48445018779
чин,10.8814904436,6.31616434985,-7.02331871495
завет,-11.7076954213,1.54753081856,-4.8554810062
касог,-1.51404273042,5.94895626748,4.1525564571
назарет,-0.141743654272,7.67123888598,-0.629729979643
берег,-10.410515649,-2.6164177474,-4.58342102641
ткань,3.10504786023,9.28750189442,-3.40818183147
четверг,4.92120705638,-4.14009320568,-9.78264663229
чернец,-11.5269591368,-0.981424110539,0.176651909858
кончина,-1.15462380066,-3.86879103719,2.29052018372
закон,-10.6284288534,2.95049833451,9.0594037812
рыдание,-13.9711107083,4.23848202097,-2.1252652516
дочь,4.08097080866,0.126938362055,-5.15274798007
натиск,2.43557930851,-12.2474958163,9.88151633176
обыкновение,1.27709754821,2.37029702866,7.09564623096
бес,-2.5718791267,-4.79061081526,-9.05483007991
холоп,-6.56770017579,4.80681837352,0.0322067561703
явление,7.51649412137,-3.40565130068,5.49931110135
гость,5.36000491929,-1.47043998567,0.537204723506
плод,-2.48466906618,-2.49605906283,-1.44534534162
пение,11.6683760082,8.28970287666,-1.29891388447
волхв,-1.70710466919,0.607869997923,1.274932015
египет,-3.89034644468,-1.43157556285,-8.50936144288
крыша,2.14447189889,1.59808757484,7.81653981545
моисей,3.19229986979,-7.38844885899,3.15743739111
лях,3.52263946805,10.4630400491,2.32490938566
иерусалим,-0.969510347201,-3.92027809968,-7.35021181038
половина,10.9908908716,3.88453420166,9.2736218528
свенельдич,4.63423338427,-11.9648961812,5.9702336764
власть,2.36985953978,-9.29879328911,0.182550984085
падение,10.048440125,-9.87233803087,4.30189890467
брячислав,-3.15870325655,-6.79495801962,-8.93362897554
кий,0.185232199411,-1.53917583335,3.95594425376
мгновение,-4.65800361919,-5.87005878054,4.21072514417
собор,-10.095540941,9.23320111071,1.17272689171
поиск,6.6487263826,12.4158653349,-1.19102551213
сродник,14.6452912797,1.33237345476,2.52422938573
мост,11.0901991878,4.79535687156,-0.3353774995
меря,-3.99829568562,-3.74114656382,-3.61429277508
евтихий,0.605565044339,8.58636957215,-2.13240169795
мисия,5.65641593731,1.40354233454,6.62641586593
пермь,3.14091855326,0.21741910982,6.43490835785
любим,5.42938315202,-1.6713384818,5.02690830164
земля,-6.49171074385,-1.87776928078,-1.01214734856
господь,-4.91540651052,9.70241372812,7.92387066936
тмуторокань,1.34919151995,-4.24335968051,-7.01916806166
буря,2.99531192141,4.37230249817,5.58006130423
молния,12.6389521708,6.68510000815,3.5030467753
хребет,-6.42879414791,-0.102190620709,-2.63573238488
рязань,-0.673630431383,-2.84726377575,6.06703259399
ятвяг,6.40020559518,-8.29290464477,-7.0183993791
воздух,4.48507467531,-5.87407179476,6.17165331948
перевоз,-10.9751164561,2.46714254009,-4.64304926534
торговля,-3.20319011659,-3.82988691342,10.3120891925
беда,3.96027309457,-3.65690106477,-14.5655234247
зверь,-6.88655661261,-6.80962354875,2.56459444244
ладья,8.305313449,5.8566539126,10.5684142612
покаяние,4.3731412642,2.10941214521,-8.12898657271
рука,5.42050652904,-4.96926109717,8.7984922211
крепость,4.32950333846,8.96240970803,5.22553648934
изба,-9.24366950851,-0.589448388738,-9.09460137132
василий,2.07203229695,10.0722376249,8.72295833671
погибель,6.04218597801,9.96066844975,-4.73630935735
верх,-6.68589652327,-8.0439975318,9.86387272935
вор,0.354354295379,-8.64336854718,10.8148709092
половец,0.910808895457,4.18289083201,0.548097612246
присяга,4.32835108506,-5.96939469583,-7.37437251665
бытие,11.9198278816,-3.51437588487,4.75234405622
помощь,8.08647238403,-5.2138154682,3.35386117933
родитель,-10.1906717193,4.86413245008,-3.36536379285
вред,-8.60712506486,8.07599562628,-6.37232901507
пёс,1.74233854197,4.73385111635,9.93792568562
мученик,1.31567849675,-1.9116227734,-7.64242978823
прастена,0.476726567949,-6.37544773629,4.87797382717
полуночь,1.11523374104,3.65331907668,-10.4833461924
игрище,-3.08087728604,-6.12730806485,11.5704974403
воз,7.73319684021,2.57562737969,-0.100627452465
ростислав,11.2169846162,3.36129903001,-4.2541194887
славой,3.12560446741,-1.0492657018,-1.10606380861
пятница,7.78002704845,-10.4296909439,0.524591056462
англ,-8.60333742949,-0.41462145901,1.27065954155
бяндюк,-5.70418192922,12.0408108751,6.3512246734
сирота,1.10400054503,-6.08856541225,0.375650767293
плоть,5.94488161718,-11.2466776213,6.77332047536
зной,-2.73714338816,-1.93087878413,-9.13603268571
поругание,-6.12903316069,-6.65175622728,-7.26705141936
норман,5.12773265716,-10.9966534474,-3.18916989657
владимирец,-0.528693947519,4.05484357504,8.26426170032
дулеб,4.29570027509,-3.35913128786,-2.60737598742
вход,7.96099086293,2.09216747696,-5.43005803675
городец,-5.25745138335,-5.92391745847,9.05356408751
радимич,-2.06516312149,1.54767483698,-6.02315778857
нужда,4.40802504967,1.51073662867,7.64147357919
правый,-8.15708748597,3.1534984375,-0.941301810469
веко,-4.6141976253,-5.82557834174,-13.1920863575
супостат,8.35955983406,-11.2982863567,-1.98484884974
редедь,-9.42065895285,-5.04240142102,9.98717992558
игоревич,-6.36968729083,7.41802195163,2.00162389141
поляк,3.15463759991,-4.29881214466,-11.7706436474
спасение,6.6066498469,-8.31759980902,-0.331858919778
пустыня,11.1587313951,4.19015625024,0.90690639289
ребро,12.7185437232,0.74471030402,-2.13728240364
достоинство,7.80746260932,5.34794848761,2.82599161798
распорядок,-9.91886775086,-4.15109681733,10.5434715621
челядь,-2.74365221488,11.3025498918,-1.15626041949
индия,-6.65003258652,6.34170823223,-2.74341292958
ливия,9.02152526613,9.96967798955,1.4038266957
луческ,-4.7819302706,2.49628839009,-9.03996200486
ростов,-4.94506067536,1.73553629969,-1.51334273094
гедеон,-7.98467104313,3.34124096099,4.60560970722
ратибор,-1.11934107047,-7.2962637367,-11.1715893846
деньга,5.53254046315,4.50098336133,7.94433267554
воплощение,2.57271664935,-5.86018978904,-6.86283160741
просьба,-10.3221974542,8.33422912783,-2.56074619941
болдин,3.25621978049,4.91002421323,1.06014897599
ропот,-2.94557958983,9.93197649001,-5.75628220579
творец,0.375210318177,2.71248628301,-6.48364009465
свенельда,3.10062797062,-3.8406736461,0.371149132232
осень,-10.9677873529,1.47686322509,4.78721080743
тельце,-3.00008924519,0.489449264389,8.56626462515
доростол,-4.693754568,-8.4828726063,-0.450808545427
лазарев,2.46382830636,-0.181990273546,2.62762459127
дрегович,-3.91906509246,-4.26979421505,7.48515361073
мать,-8.13825162982,-2.63354896223,-6.67801214803
разум,-5.73257876592,0.654401884685,-5.37959796186
ад,10.0243471099,-10.202133461,-0.203645274194
цветок,3.40893316017,2.04778610505,-2.37665683864
антоний,-5.59674611688,6.92591324987,3.64720678164
борода,5.5383726549,-5.69978515739,11.7292633799
истина,-1.16837702461,-4.40683358445,7.24545395733
остров,11.9572274968,-6.64922262515,-2.74361455621
перуно,10.0942535814,0.441174436888,-8.51880438806
шум,1.7229269483,-4.83629647817,10.7467936014
пленение,-7.67916335791,-8.1499490489,9.30477151493
кисель,-2.72452934231,-0.591613256549,-4.96856760295
владимирович,-4.14881462973,-1.399449029,-0.00652041540944
вышгород,0.751016905226,6.67478108463,-4.03177351856
иафет,5.98242184794,3.57565979751,-5.23133738281
страдание,-12.0962643359,-2.25599590221,-8.20101426925
одеяние,-9.02012478528,5.09048482603,-4.07220745804
петра,10.4172468955,3.76813576216,-4.66542136077
притвор,-11.0771410175,7.40242973847,-2.28204340932
радость,2.46720411907,-12.5557268011,6.04547439871
заложник,-2.62213947464,1.47393388037,6.03850173697
святополк,13.2952142169,-6.06780850223,2.90256265224
пилат,4.73299200482,-7.29929574019,2.06145046654
чехов,7.36125611664,2.0078670481,9.68097011567
андрей,5.82629668455,4.21599565083,0.988807440386
рабыня,-1.45226796069,4.70596436887,11.9214852039
нерадец,-0.988862113982,3.69879475292,-6.55248851301
разбойник,0.733528765547,-11.7405943788,5.27587633237
морава,-14.9997436026,1.59389038755,0.349642043305
тишина,2.70439128351,3.11660274244,13.307318442
василько,1.2151912378,9.0951290788,-0.557952202166
невежда,-1.65696254809,5.26601851985,-1.37438654634
золотой,1.36288775091,11.9676993842,-5.88904092542
приступ,9.75833922251,1.69483741901,-6.7708718611
ветер,-3.80818205356,-7.84887208894,-3.12138614873
анна,-0.31523144253,-8.27849132299,4.33192714258
шарукан,-12.3834795428,4.76322682384,2.01188575356
мёд,-6.92735430224,-5.29152766028,-2.45567226912
дым,-7.64382323761,-8.44095447242,5.96535497178
завещание,-1.1306841824,11.8982442911,-7.47781270543
роды,-6.15879261322,1.6407690435,-12.0098732994
переговоры,0.837489559535,11.5325141936,6.4639771379
глава,6.47248133975,-4.93654129768,11.6782779813
властитель,-6.95922718236,11.6880954337,-5.99084510985
источник,3.58288349104,-8.37898006568,4.75165976257
люба,-7.69661158245,10.603345072,3.55970689063
север,-2.42605854295,6.57448292453,8.08252419683
пропасть,-3.94269910367,-3.07663285933,2.91953936108
послушание,11.3487414343,-6.07965858176,6.03475383169
кирилл,2.42708842554,0.441303862513,10.480705481
юноша,-4.60382811882,-6.11325877544,-2.43629653561
свойство,-4.53984998021,8.90936705159,-5.1708091905
дух,-10.3726408238,-7.9934207961,-7.86173637941
пьянство,-0.767934688955,1.44724034909,6.92601238341
молитва,-3.97760758072,5.18886624097,4.20214810661
британия,5.21251634508,-4.24597734305,-5.86094240705
выздоровление,6.37405760151,-13.8784208355,-0.0653577618086
холм,-1.8062800409,-2.29318528808,-8.94795032166
наказание,10.4908947604,0.460367486226,7.37838487895
совершение,-1.68189272589,-3.79371281356,-5.85054495491
константинополь,2.13410504387,-0.134427044218,-13.0811562655
оцепенение,12.5091120881,-7.02052681701,-3.69811113074
мазовшана,1.59226869281,2.84775925287,-9.35848781761
георгий,7.05136194314,-11.8063643403,2.76279212492
церковь,10.5522152235,-5.49727439023,-0.00188340677971
благочестие,-5.0065238482,-1.34052717975,-5.71608992832
ярополк,4.26761161461,-7.59523136106,-4.92210672561
рим,-5.48678072026,-10.2383559522,7.27596826155
десна,-1.20214163997,7.62044301282,1.75386991718
низина,1.29920715818,-12.4451601349,0.701025581186
полк,-7.16840580312,6.8150488251,-1.81557756331
иаков,-10.9811365881,-5.55422400773,0.00394004647241
переяславль,0.920500953599,-10.257955991,-3.04330048541
семя,-2.18938395827,-5.77446322828,1.2589912861
немец,7.70487557375,6.06172103823,-3.28368894145
аеп,-8.22291792658,-5.35681040806,4.23137243258
восход,-0.87118744424,-3.8101405802,-6.72427826825
индикт,-10.643786985,-5.02134065084,3.7657344777
марин,0.438818062395,-1.41242508855,14.5612491422
добрыня,-2.4262402381,2.81121859558,9.98712034748
полочан,7.47547185882,9.93074348793,-10.089901253
литва,9.92919183499,0.3194912035,9.13869401621
израиль,-4.25975051223,1.30769295033,-6.03502451485
ной,7.38457846508,-0.927641408689,-2.73936633596
ирод,-10.992655886,1.17641713225,6.62085813917
название,-5.05158123586,0.294005386204,7.28384100468
милость,-6.37344461405,1.28622891033,-10.9591628496
поле,-10.0626975851,-1.84386112813,3.26208502048
болезнь,1.88710288198,-8.88840731658,0.390748658121
ширина,8.02018283288,-0.670511462407,-1.24475936882
свеча,3.07015284846,0.9662954344,-0.584299121606
плечо,4.32989974778,10.7664701942,2.87495332968
нож,3.19208012622,8.5204187532,-5.94013952613
серух,7.65372865363,-0.568840424968,-7.80365877329
пшеница,7.22037373455,-2.94266029287,-4.9434789341
месячина,2.13827037218,6.91575547248,8.26656419909
рана,-0.844506455671,-5.21998879084,-3.41234364071
сновид,4.9012360778,-6.20589400866,-5.43806642345
феодосий,3.37333527635,-3.52879652721,-3.26755541269
капля,-12.5704816685,1.31926801495,8.49132633704
вознесение,1.42813443011,-3.06922687979,-1.81396622173
феофан,4.87175424993,0.759438664833,2.61244410423
господин,10.1584969957,-0.40454911369,-0.0530918369108
моравов,5.72633862287,2.62774547205,-2.15486945792
пещерка,-11.0993151899,-7.3572835459,-0.404616698657
погреб,-4.2142346528,5.22980048986,0.701247475539
сара,3.69213376181,-9.15135825258,-10.6453329512
речь,12.8377406477,2.64447333964,-4.32232501545
толпа,-8.85281438198,-0.218431283393,2.0196901069
жилища,-9.89995246049,-9.41294466413,4.00930962969
феодосия,10.7567862313,6.76650125803,-6.58711936038
возмездие,-9.85079373651,5.53391402149,-9.36926193704
позор,-2.20307444045,3.15349940472,-4.19559859
празднование,-1.72106135968,4.14549798142,-4.35022750896
нога,5.91353833878,-7.08254632494,-4.29686528734
авель,-8.49034960391,0.016744254696,-1.12230355791
молчание,-12.5370341214,4.37328585588,-1.72647658829
сосуд,-3.03483475702,4.11341325066,-2.13139712887
край,10.1918650645,-6.27029605585,7.99132186125
право,2.09682757387,5.46085521308,-11.2642709097
изобилие,11.1444327286,2.55565912984,-2.64403399241
ущерб,-12.7145534549,3.07373273265,6.34911487968
месяц,-4.39029321856,-1.99046028539,-5.80741471566
столица,-0.0946734954043,5.48147567959,12.5547653449
народ,13.1665048941,2.68578342566,-1.20256053884
сорочка,-2.47927519625,7.88481192371,-10.4269654015
летописание,6.81765123235,-0.709508722574,-12.0489627817
ужас,-0.961909764548,-7.65478291777,-6.62711777145
попов,12.5710407141,-6.14295230073,2.91906119571
плач,-3.89109703218,-9.43111886692,-3.94785933825
сын,-2.26095311978,3.96472026545,1.56029401723
родственник,-1.64180848155,-7.10758749099,3.03789492601
черноризец,-0.155338641223,0.365099932612,-9.19322016702
плащ,-5.98873422553,9.69488010452,-2.56088822425
горожанин,-0.740612616821,-3.988498206,-12.3901875904
скорбь,-2.78308799404,-11.5739340988,-2.21730996092
дева,-6.26025998745,-11.5254956638,4.16882800782
светило,-8.6181749999,-5.80764300815,5.62900212057
серебро,6.93433607657,-11.8459884796,-5.07492572923
сель,-10.877564624,1.37319517169,-5.64776084751
восток,-3.02751494268,-3.62864126243,-15.2071042248
поколение,-11.8796885787,0.401744283788,2.69370717144
внушение,3.47990257139,-11.1064244472,-4.08995480204
сильвестр,1.61571241191,-8.06787544941,-10.6080010669
скот,3.37304891376,-9.26680606744,7.08540741647
весна,-2.51370085373,-6.15360738598,8.84540710772
огонь,-3.35585104853,-8.34463880588,10.8911929502
ярость,7.7711663096,-2.64211927828,3.86483808716
побои,-0.593089841584,11.5286517426,2.27262971962
коснячок,-7.42532034333,-0.203996395857,-4.66931278338
время,0.42390994896,1.64103699804,1.8010644449
труд,5.56286972324,-1.74796513706,-10.0095666713
турийск,-4.99313385034,7.23139288581,9.89291508779
владимир,-9.09121854348,4.56346760993,-6.67684238777
труп,8.03223593599,-8.16164758464,8.41592587454
никея,-10.9390421161,-3.53022707003,-7.43056612466
василев,4.41085593066,6.71766019917,5.91255709977
апрель,-3.26785885007,-15.0028676373,-3.76722384039
первое,-12.2701444682,-3.12742231304,1.95599934477
илья,0.895323574589,-4.19267424334,4.63080316633
обещание,7.23807090039,-11.4260143799,1.61124458119
великое,-2.53476082905,11.5493829954,2.77595391516
икона,-6.24624856519,-0.00308248228161,-0.570285065627
волга,-10.2485547348,7.65040905723,4.10481102767
деревня,-11.8663039619,2.09296608071,4.09255226684
юрьев,-6.77695007412,-8.54243794325,-8.70276818831
мертвец,1.95000616045,-6.12279343144,-3.93557373786
служение,-5.3496006271,10.2731705947,-0.0747453305147
слуга,-2.58086128899,-12.2870351694,7.89011376263
устроение,-7.45404878699,-2.36442471244,2.35881404258
аскольд,-1.48101356411,-9.73325384693,4.56248993887
установление,5.7928366116,1.74294769382,-10.3607389731
беседа,7.86486338298,2.13961270272,-2.93178010678
молодые,-6.24471747145,-2.04358086879,-3.42389782767
жена,-5.23916592646,0.456843829329,1.02281500206
ефрем,1.04235514973,-5.2516147792,1.17576169838
рассказ,1.53839356342,10.257379862,-10.2647393818
овца,-4.63558164991,-5.02858664437,-1.89938240251
сестра,-1.63464495687,-5.29259317039,-11.8914861243
стол,0.864708981194,-8.16277764622,-11.4747407024
никифор,3.71337148133,4.32586345123,-3.16370881191
наступление,-5.57576908251,-10.8182789172,-0.576416405506
заступник,-1.85253097962,5.348109416,-4.60139047701
жито,-13.4109140964,-0.585065628304,5.81793788984
устье,-6.65115756104,-8.28363375159,-11.5484532373
доверие,-0.776559451019,7.11211564328,9.19777349914
разделение,-3.70304650399,-6.01159488585,1.42328899805
положение,-0.646408248893,-2.23277275373,-10.89004457
приказание,-2.57842039086,-10.0398776073,3.16088427183
мятеж,-2.11519879658,-9.43184375963,10.7166015507
засуха,-5.85691029049,-10.6886228782,-1.27276806922
кара,-5.07252415189,-3.38327474528,2.73838708938
измаил,-3.74450489238,9.53179953809,9.92515396874
попечение,-0.498489742689,-0.487952775859,7.20221953613
волость,-6.53969431635,-5.17968216279,0.462212514428
душа,-10.1750084598,-6.25265270474,-3.89545769597
ров,12.4225199785,0.445056248299,0.134821431105
стена,13.2673235994,-3.91085635541,4.64247497362
ярославович,-0.551622858486,2.32074594645,-13.3608406134
лучьск,4.35535024013,13.935117048,0.375251956767
обед,-4.16756468923,2.84331807451,-2.49331865424
моль,-4.94077304301,9.60159917866,-9.27485489063
улан,4.87208575443,0.574133611159,7.75499765801
благодать,2.0616002232,-14.3425915261,3.50884051653
устав,-9.95523684972,2.67499615066,8.91706212648
паволока,-9.52367730944,-10.1465638002,3.12627138331
клир,1.17931996395,5.52605525989,7.77773597259
крыло,-2.185500515,-6.45946841456,4.46786116271
путша,-5.48168489324,-6.17759973586,-6.11601929999
клич,-8.05465391125,-2.01889160226,4.66357784777
стужа,2.4033188813,-3.10415799419,5.92963454641
мальчик,-0.62056614963,-2.1010916403,4.61891165795
белозерцо,-8.67678736358,5.8037282804,4.75857075049
сеча,5.21585801735,13.3659392251,-0.345990460277
келья,-4.11120548996,-0.381580998266,-5.03969120568
матерь,-1.41134245602,-4.30388495493,13.7315000784
проход,-0.807764480209,-3.89930675403,9.98731363326
обличение,-4.77579374928,2.82000122539,1.46245840997
деяние,-7.89326959682,1.8579222885,6.00624283015
декабрь,7.36824088868,-8.58184291901,-3.59323755566
польша,-1.9788970971,9.93734836339,-0.367131763346
сан,-12.5254623958,-7.18130487417,5.11544359253
слеза,-10.0760463528,-2.79973052959,2.42720761627
гора,-5.68553803706,-3.36399975826,-12.0399363579
круг,-1.21812274185,3.61629566922,5.24919501222
письмо,4.33194189847,6.59618151764,10.5147850238
сад,-5.40221616006,5.79249358077,-5.93206892539
песня,-1.38341037399,-2.28540908708,-0.00197531371425
страсть,-6.21688292291,12.0291040517,-6.05679146636
путят,8.99781951651,1.14369139964,2.03868860466
поклон,0.945662073248,11.2824037136,-5.00085416291
свет,-9.0132220197,8.31786752668,-3.03700247731
золото,5.64655244978,-8.91850527812,-7.43105479276
мех,5.0505763028,9.16987346413,-7.01798681198
сутейск,8.22564342685,-6.82749603735,3.80072409714
голубь,-0.0216666180831,-3.90503084063,-13.3476809366
кость,-7.76874579286,9.35637259112,5.58495811121
девица,-5.27909884592,3.43744396281,-4.38992053809
папа,-0.3796812864,-4.468780391,-0.885785446174
новое,-2.75316744125,6.78429470825,9.55208688848
чудь,-7.17179158343,9.88468071471,9.24320444134
дерево,7.08781077051,-5.24793402385,7.99855703803
грешник,6.4833824287,6.62190387593,11.2453596441
изгнание,10.1071931021,-3.58733616441,1.42461715192
усобица,-9.16766901914,0.23904587494,-1.61927569988
прикрытие,-11.715784589,2.13451480181,-0.0527708779727
смысл,6.31600109159,0.521414580971,1.90512554202
ряд,4.49693068875,10.3944127432,4.46392619979
всеслав,6.6067865686,-2.68837691252,-3.81540649188
отношение,-5.51903983539,2.81916726621,-1.79313746984
ладь,-9.71872873651,-6.25633204511,6.6169662776
осада,-8.04481686709,-1.72666507192,5.67796329228
премудрость,-1.36753534461,-1.22182645885,-6.34400163405
ян,5.95673421997,-12.0924013416,-6.14879848136
сабля,7.56461153637,0.37251508513,-0.0818268479576
вина,7.2375164633,-2.94316327687,-9.79437212076
щит,13.8659097039,-2.09302368381,5.08614492869
пётр,3.70110190487,2.76634443882,-5.56098577151
тесть,7.20537201113,-8.06762390098,7.27642128333
философ,1.84840646635,4.89806898264,9.05758153219
печенег,5.16795212348,8.91829132755,-4.10793118084
храм,3.85307163041,8.86481893353,-7.21472409357
княгиня,10.0051968871,8.01824417033,5.80925329465
спутник,2.63868532418,-2.58040731934,3.45428915491
убийца,-5.66950515806,-0.62311351092,2.73480893687
усердие,-9.99736361466,4.68574260559,5.41218279347
щека,-7.12242063224,-4.39161168309,0.706495523924
лазарь,2.28971531429,2.14838414877,-10.2327309872
договор,-1.46579363417,-12.9756154889,-3.00127224793
исцеление,10.8190816797,3.65237155507,-2.8007774832
тление,-3.02629508731,-6.99505874484,10.6078554415
еврей,5.98032996448,2.26633366713,13.4378838022
итларёва,2.21104071358,-4.81889769303,-1.23903500662
ростовец,-1.42510575835,5.80224376087,-12.5030304947
заповедь,-4.33059735651,-4.40205544067,-0.974294539115
вседержитель,0.714517434365,3.4316074506,-0.41291625775
ираклий,-5.23444880596,4.47786712076,-3.6167450033
сажень,-8.51343875992,-3.83465878067,-10.1881212762
чернигов,12.5877332305,2.93659945975,-5.02753765793
рождение,6.09539318822,1.11676734637,10.2124418164
церковка,1.02762963864,-1.73578716768,3.34326289552
искоростень,2.40260199039,-8.73577965512,5.71148886732
надежда,-5.75706661296,7.85584563841,3.21409234474
странник,-8.79607577934,3.79522735765,9.25441146411
кадило,-0.46711418816,-9.19978661486,0.164416183348
происхождение,10.2212580461,-5.88780126504,7.05193647063
год,-1.07255879013,-4.45237238247,-12.1192777571
прелюбодейка,5.90755293372,-6.66929914819,-10.2820296791
ангел,-0.396710556817,-0.064174984623,-8.61053482982
дар,-2.93751813557,-3.23731540283,4.97475531807
стадо,-1.14181831529,-3.82591789518,-3.65552807199
жертва,6.75407970045,-1.89134636415,-3.1825562208
египтянин,-6.15685988027,8.59080434525,-6.60679387069
колодец,-13.8021685669,-4.9795284898,3.60002515627
перемышль,-11.1479958788,-9.48866981752,-4.44911552509
северянин,-10.1570786426,0.679614756278,4.58515596108
престол,-2.55459312592,3.09973366734,-10.3655276026
область,8.12083160546,9.97824407953,3.2862072487
арон,4.23413779032,-2.82448158576,-3.20493112918
отряд,4.43559388888,-1.71434817244,9.89256130525
котопан,6.92906951749,-0.943705696562,1.2214142944
нечестие,7.29560816374,6.47551165193,4.50022673068
новгородец,4.81160508543,-7.68662969668,-1.87335193203
жалоба,-2.59141876764,-5.6004945237,-5.04707721127
цесарь,-1.97862804176,2.97839489425,12.6381958366
монашество,-11.0436967372,7.83479148817,4.19888111325
благоверный,-4.36593840102,2.670125987,10.6335376444
вино,-4.93492199055,3.62967421414,-7.16365684392
жаба,-4.18683814621,-6.03622606769,5.23861335433
монахиня,-2.58436020024,-8.86491729941,1.91767259775
руно,-5.49919618498,1.84356190799,5.30182989896
несчастие,-8.28057567921,-8.68800060056,1.96620244729
торчёска,5.73290666653,-4.26970310667,1.80464261809
январь,7.67543319786,2.56019936525,7.25019780378
сарацин,9.60921329943,-1.33417344394,4.44684615291
ложь,-1.82551520995,6.19529945517,-4.99253423618
бой,8.53355747639,4.64808701425,-8.36382496371
простолюдин,3.03021841922,-5.54403118018,-8.50975320888
женщина,-6.68250054034,-8.33053150761,1.56559966577
среднее,7.77497882089,3.80563515751,5.94218042096
мери,3.20165014534,-10.74286373,-0.239497258191
топор,1.82256789568,-10.9884850358,-5.15299035789
трубеж,1.45356481672,4.46917847225,-10.4801240755
десница,11.8192830041,-6.50694692091,-2.04619800789
прелюбодеяние,-2.84067081521,3.68075703371,2.69393457872
кривич,-0.4320276256,2.0779656819,-2.87410745257
михаил,3.97767043559,-0.991572336568,-12.3970416113
предание,-4.42467798694,-7.31809563517,8.337181786
борис,9.39626260969,-1.94079411898,7.11568098486
предок,-5.73046875843,-6.64710678296,-5.27471643408
печать,-4.33841652442,8.3348646273,-5.46832586735
язвено,-7.17525185748,-4.43362575482,-5.54633849984
меч,5.36559751516,0.713402998827,13.2805457723
боязнь,-0.328189918027,2.22226379268,-12.5044367979
зависть,-0.568118323007,10.6724919296,-2.58387578229
святополков,11.6644344033,-3.94460367648,-0.800305240801
гроб,-11.0430867155,-3.45005346824,1.58651137988
порядок,0.784577421383,7.21171465634,-4.44942711959
лето,-3.20828583583,-6.27568155841,8.72761102941
дорогожич,-5.17615446726,-1.24106581383,10.0562168033
воображение,-4.48646839867,-11.6500361973,-4.12793428013
рогнеда,-13.2214249843,-6.01434137812,4.02348943132
дмитрий,-7.86991279704,-12.3061459552,-4.42087329387
вавилон,-7.84390788844,0.791925723969,-9.78324406349
август,-0.554186046184,3.10452162678,5.32502012999
пост,0.760855727468,8.3448254775,-7.09010303954
звездотечение,1.76898289282,0.225515735202,-5.88443975504
свинья,8.16694559467,1.32494206164,1.8220269462
княжение,-2.69604091629,8.87735504323,-9.50617057979
змий,-0.968165868478,1.08823408433,0.886615809266
волох,7.51096941157,-5.21005246295,-2.25392729706
добыча,8.80601384622,3.96923602065,3.50363622003
страстотерпец,1.55096848165,-7.53301969264,-1.96483530596
андроник,-7.95776456813,5.38122996033,-3.55730101707
мука,1.20688402248,-8.88758637114,10.9403871056
скопец,1.31671697966,9.6796777146,-10.2215519883
пресвитер,-3.81056437563,10.510659724,-7.39720293439
правило,-5.23718511702,-2.70159957924,9.75868542358
отмщение,-6.27262976169,-1.70810748717,-6.37444656216
отпущение,-1.22924984353,2.31105207521,9.56440525272
полка,3.82117096333,-13.6783568459,2.43632262861
иисус,10.1178809946,4.67139764054,2.57198769728
звезда,7.33816958291,11.6704688319,-5.23657518935
никон,-8.93306534879,-5.91593467979,9.74119886072
ложка,8.2060439629,4.7808565876,2.958683524
ассирия,6.01752612043,10.2035044108,8.75974693974
награда,2.38769748008,2.86901810387,13.9501090979
вал,10.3740271393,-9.59527929958,-1.68013023329
гречанка,-3.4324920294,-1.39777567833,-3.0774400422
поговорка,0.050830502433,11.5465817111,1.81354610978
дитя,1.93935558651,-3.55283269831,-4.03759982446
мститель,-4.09038686771,12.6450859136,-6.47281188274
свидетельство,2.13418914719,2.64956559994,1.87997064009
леность,-14.2152263781,-1.50433798593,0.467865074013
мамонт,0.0604463059769,-5.22936810415,-5.76369508824
самуил,4.66328403958,4.82962599166,-0.279351124958
голубятня,9.92987535975,-7.86396223899,7.8000609595
действо,-2.22170874912,0.621034928632,-1.25788705015
проклятие,-0.208722809918,4.19489879554,-4.86112295614
курск,-2.9482885857,4.00697970391,-9.43245365727
голод,-8.8665056138,-6.96191921582,2.37826198464
измайлов,-0.0255200295933,2.51241712644,0.0574158750015
мороз,12.401451458,-1.33591252091,1.3460597254
ухо,10.7876296356,7.81402945776,3.4549469272
день,-0.263073745648,-6.6006947121,-1.30471266178
слава,0.779404187229,4.96755101218,13.1849680975
тело,-3.96251621827,-5.08729275667,-7.27890022769
червено,4.99018665436,-0.794151004297,5.36097846008
феодора,7.13866728972,-1.23897912608,7.04556895347
тукы,3.95207334005,-0.37143540503,-3.08461022311
льто,-1.95405321209,1.16666020537,5.48221073877
красота,1.44401794376,-9.32158488225,2.88504171477
посол,-5.75027271553,-4.19899164386,-5.57676274005
вол,-3.88030222888,2.70557902509,-0.748924587449
псалом,5.32122534827,-8.98091406576,-4.53860570145
город,-7.81916471211,4.12527463781,9.42387335267
мера,-3.52938923872,4.11761715474,8.80693093656
ювеналий,10.8775224613,8.40805836258,-7.1589203446
глаз,0.408246588797,5.00072384767,-4.09582626538
дождь,5.6408558407,-4.1192412003,0.891672553769
сторона,-8.63743992018,-1.84250265376,-0.530924257456
переяславец,-0.173300134927,2.83561396373,1.93205395421
мышца,-11.8978957616,3.97806976355,2.448019655
ангела,2.78525693133,9.0586986972,5.03246970657
вежа,-12.2881121562,-1.24971202312,-2.41895766939
солнце,-8.45459048107,4.39743568221,-6.99623637934
угра,8.03615248931,5.32987203539,10.3559440704
давид,0.484974838871,1.85500819957,-5.89709777158
сельцо,10.6361737971,4.58554542298,2.07208239962
сопровождение,2.25274595817,6.82966059661,-8.30993020504
молодость,-3.5048304462,-11.348019649,-6.97093229106
трепет,-8.28039209231,-8.74890605441,5.11848393003
полоцк,-6.55554648472,2.4873897326,-0.23221506474
нея,3.93225945575,-2.08507167344,-4.91627526258
дед,5.51769590442,4.05123131956,0.581656412764
гривна,9.55773189084,-3.14129323666,-5.68536643856
сустав,2.67064866137,-5.94552312545,2.92307044992
антихрист,-7.66331729471,-0.543234784992,11.3793528968
волк,6.62777549342,10.0736418618,7.88656516428
мехи,2.27864425486,2.64598681537,4.31556013315
попадья,6.20288070507,4.13420869841,-7.54290478566
воздыхание,8.54062444502,7.98740918952,0.105244670504
озеро,-7.01067572472,-7.78472777285,6.37995461558
красный,4.17236373578,-11.7829150323,-8.13216148924
улеб,-3.46435432453,-2.02807450027,6.10046124408
клеть,-2.91184527147,-4.72184352045,-1.39356724803
писец,9.45839250252,-9.93153049249,-0.560303768018
здание,9.23297537736,-0.185552923352,-4.9350243405
черниговец,-12.6051908601,-1.04883697179,4.77928494189
запад,5.20028367244,6.49347252529,-9.22533470211
место,8.04316691454,-3.48602799977,-9.02625636857
ложа,10.1973804146,8.62249578707,3.73201953844
боняк,-13.1695629392,-0.894033094141,-3.44862657274
иуда,4.9707151521,4.18357850016,-7.62172616662
ирина,-7.1210459904,0.576571705291,-6.88676015426
клязьма,6.75089875427,4.82147945987,-1.44602533269
киевлянин,-10.3550562853,4.76227360414,-0.0970512764225
претич,8.26936104304,-5.06295175018,-3.61575712818
змея,5.03742464816,-2.71153044465,5.97818731374
азбука,-11.2415870008,-8.11686582844,0.282957512374
полянин,8.37625634744,5.66832639796,-5.18873727389
ворота,-2.15946043753,7.61786425381,4.49050233699
рост,5.48858975971,-0.615772405485,-10.0719246595
прелюбодей,-0.3871805948,-12.135081783,2.37876867971
рось,4.24590100437,8.79950579702,-3.19256023355
всеславич,-5.1053271381,2.99377034209,11.9915641222
печер,12.6001932149,-1.464024337,1.96491546375
гусли,6.15918578894,10.1756864001,7.32331695102
феодосиев,8.39158158806,-5.54696393587,-4.61898183063
стан,-4.20142968166,-9.02340741713,5.31053003907
соломон,-3.78065656252,4.47509014323,-11.4794022087
роса,-2.00046322989,-9.25593836001,-6.72317693537
полдень,-12.3728068397,4.83846303123,4.93376399019
повествование,-5.52969430187,-7.55398723882,-0.45878496884
ум,2.92679859064,-0.598714309194,-12.8673222555
исаак,3.02141337733,13.6878628468,-3.23062119312
покорность,4.42313303141,-2.7569990072,7.32973862237
лошадь,-8.15041616046,3.2878019281,-1.84668767438
часть,-0.207259699733,14.1741512692,-2.33619239903
ребёнок,-14.3180635074,1.58234168596,-5.805744322
запас,2.31416127516,-3.81556935997,9.08931873125
черемис,-3.16250035542,7.59626598173,-8.1298113677
дон,5.95044750992,6.26194895422,-2.5026831622
даньщик,-7.45437927008,5.81885761746,-6.83355275852
христианин,-10.622178529,-0.8674723913,9.8274578161
юг,-3.60848877379,-0.735246877273,-0.249125271543
изечевич,-10.2000878532,4.91855385814,-0.517715341716
феоктист,-5.79307619849,6.42968567605,9.01550797789
воздержание,3.16972572294,10.8464814836,-0.951865742831
сани,-2.75104863152,4.93396440692,7.035228352
сентябрь,3.00089099121,-6.59087139955,7.74428201255
повесть,8.67956413465,9.61474100106,2.93660760562
фёдоров,3.42808168292,-13.7909353152,-3.02225245292
сонм,-7.97156975236,2.60534603896,-3.70348368032
книжник,8.27371670681,11.3590544189,-1.58458451162
квас,-3.06530103791,-7.16633662672,2.68758324771
пустынь,8.93708985308,0.444394358619,-4.48119246165
посадник,1.98655383403,-4.63635100911,9.99267399583
мучение,-12.7439206549,-3.67093766357,7.68734779742
лицо,1.21491947852,0.661226909912,-13.0038152364
саул,1.87635506837,-4.7339654577,-10.6476586358
сакова,-5.47954553287,-9.44273462349,0.798489445563
река,-1.82963957006,4.21098322337,-0.103128955058
брат,2.81319948063,-2.10918634899,-7.56828475176
копьё,1.96296856346,1.38407739998,-3.65970053414
дружинник,-7.37258606876,6.94221453319,9.3035495455
благо,3.07537340576,6.9987971863,-4.76289597698
захария,2.49338040679,-7.33259888519,-4.62379492042
видение,-2.31213404705,9.51342818684,-3.0696376818
даниил,-2.47186045277,7.49522099535,-4.80701649884
берестие,7.58870888305,1.23269805107,-8.24477278315
белые,-2.77260232316,-4.981648563,7.86019927492
аравия,4.63573215601,1.658572235,-1.51730081846
алтуноп,9.39988600006,-1.95833031787,-2.24231065891
благоволение,-5.81127739635,2.92838453539,-9.94912893903
ильмень,12.6484177673,3.11012293318,-5.99576586026
митрополия,2.48106698001,-4.22707194054,6.29119639504
благословение,-7.51548234625,-11.880471808,-4.07897126247
течение,0.880243965257,8.43299015941,10.7881693775
жизнь,7.64726638758,9.82231861436,2.40769598648
пожарище,5.89236951674,9.84590607482,-10.267837804
гроза,-7.15076628854,2.44360684522,-8.46259488341
вечер,0.630498932589,4.99399832217,-0.65976656237
крестоцелование,8.01970026583,6.73135516547,-6.35113749015
вдовица,-0.294139553907,-0.735920410769,-2.21310865119
февраль,6.48269027499,-0.750902235395,-5.67141161195
высота,2.47715723347,7.98580849748,1.57560263419
ковчег,-1.26440552632,-2.33101895139,-11.9658085459
дьявол,-7.88453123778,-8.38746262618,-0.300015877713
белобережье,-7.96823801097,3.01320885369,-6.9339190576
союз,0.472444650033,4.21793087521,7.15662024526
старейшина,-9.9895379267,0.15534746343,-10.0380513202
тьма,6.42701462086,-11.6060941891,6.99439535654
сени,8.07144732616,2.65033509097,-4.5100843861
вдова,1.28734335109,-0.485547497285,-2.47154207907
брак,8.43722068103,-5.48064386695,-1.8195777493
тысяча,4.32737466468,-0.493490044374,5.83797105949
потомок,7.72302195537,2.93381943254,5.88191264904
полок,1.54950316747,1.43076793856,11.7064547389
бедный,5.6069759892,-10.3137011579,-0.850301083418
игорь,9.93419964319,-2.68979195767,-1.00140259445
варяг,-1.8678500981,-10.4650878949,7.88911798665
поход,-10.0291063165,-2.6379546403,6.62326348205
сияние,2.92309808989,-5.0705959383,5.13213037126
зима,4.7573460119,3.24099906945,-12.605014791
князь,0.611644006619,-6.73482208327,7.40350306382
торчин,0.429258075003,5.59006266689,-9.72955423589
корсунь,2.64611614214,-2.4209930534,12.383346385
взрослый,-1.82375351465,9.23116617827,0.127754944722
судислава,-6.90728625822,5.89475173247,1.08613956653
мстислав,12.571601995,2.92191498694,5.38319083787
воля,2.75685758191,3.67169749948,-2.25089128837
учитель,2.06056622391,-0.125061337536,9.68020336459
волхвование,-1.99885252614,-0.0217429649722,-11.5400824691
наложница,2.58136317361,-5.27651788622,7.07992026677
враг,-0.930932531307,10.2730394445,9.53399367177
хвост,6.96885493032,10.8785244934,-9.14211367989
иеремий,-7.73819441534,0.282083523888,8.1115011413
кротость,-13.1518493027,2.16823346339,4.85063883089
глеб,5.14604201989,7.69210045993,0.133662890738
сим,7.0225344022,4.28248356792,-7.83368836776
колода,-5.80226222992,9.73142728668,-0.883629248247
латинянин,-7.84164267707,-1.02835364152,6.51311923771
улица,-10.4962225976,5.29988138364,-9.44819117981
фимиам,-7.25561492455,-10.6411786934,3.61493208771
дань,10.4829441411,-10.1039517523,1.58666565789
словен,0.408781264339,-2.17240167607,10.8269120411
васильков,-1.61133055304,1.07935148286,-6.4761870516
удар,-6.15796322745,-8.66686480018,2.49455273151
лёд,5.50158360454,-1.8863568507,-9.42868081264
торг,-2.61264249744,2.76759463166,7.1526974121
суздаль,-0.326414493809,2.78399529587,9.63414627715
способ,9.22674470242,10.4740653053,-1.69109889777
верховье,-11.8741722401,-4.96458675008,-4.02250689272
ожидание,-5.03641929957,-12.0513758661,3.71921896171
стража,8.37417311534,-8.08266459795,-2.69837294944
конюх,6.36272614702,-5.24708777878,8.55338593805
младенец,-8.03776990023,-9.98857873155,3.1018912304
пища,-1.82734611143,-3.71502163275,13.554131953
мир,-0.367599671111,6.9714020879,6.44064357319
агарь,5.80890391026,5.43217390582,-9.46872047652
ночное,-13.4886464432,1.95784922506,2.78434390955
потоп,-6.45180194228,4.07567126112,2.16620391049
час,11.7809340408,-6.59106484472,6.35858111196
основание,-10.3970306683,2.03287266941,0.987182205447
темница,-0.162398854368,-5.85137677777,-6.30024428937
добро,-1.29887322941,-7.91920865534,2.04555137418
демьян,7.46140331619,-5.5236910065,-6.96286875834
белдюзя,-11.00794719,-9.49636539144,2.30427727767
вече,-1.69867969593,-9.47651143909,3.94417068454
десятина,1.04053108408,12.2047701448,6.00935428088
итларь,-0.488319717114,-10.3088529211,-1.55977691512
дуга,0.50473158539,-2.59593579262,0.657202733513
терние,7.39128891019,10.9404746668,2.167238993
